COVID-19 VS Suspected 
   Accury
   0.966666666666667	0.900000000000000	0.933333333333333	0.883333333333333	0.933333333333333	0.933333333333333	0.933333333333333	0.883333333333333	0.900000000000000	0.966666666666667
   Sensitivity
   0.909090909090909	0.870967741935484	0.903225806451613	0.892857142857143	0.962962962962963	0.931034482758621	0.878787878787879	0.843750000000000	0.896551724137931	0.965517241379310
   Specificity
   0.965517241379310	0.870967741935484	0.903225806451613	0.823529411764706	0.857142857142857	0.878787878787879	0.931034482758621	0.866666666666667	0.848484848484849	0.909090909090909

COVID-19 VS Healty Controls
   Accury
   0.982758620689655	0.965517241379310	0.896551724137931	0.896551724137931	0.982758620689655	0.948275862068966	0.948275862068966	0.965517241379310	0.931034482758621	0.896551724137931
   Sensitivity
   0.966666666666667	0.965517241379310	0.870967741935484	0.870967741935484	0.966666666666667	0.964285714285714	0.933333333333333	0.909090909090909	0.931034482758621	0.960000000000000
   Specificity
   0.933333333333333	0.903225806451613	0.862068965517241	0.862068965517241	0.933333333333333	0.875000000000000	0.900000000000000	0.962962962962963	0.870967741935484	0.800000000000000

Suspected VS Healty Controls
   Accury
   0.862068965517241	0.827586206896552	0.775862068965517	0.827586206896552	0.913793103448276	0.896551724137931	0.862068965517241	0.775862068965517	0.931034482758621	0.793103448275862
   Sensitivity
   0.862068965517241	0.827586206896552	0.735294117647059	0.756756756756757	0.852941176470588	0.870967741935484	0.838709677419355	0.766666666666667	0.962962962962963	0.774193548387097
   Specificity
   0.806451612903226	0.774193548387097	0.769230769230769	0.869565217391304	0.923076923076923	0.862068965517241	0.827586206896552	0.733333333333333	0.848484848484849	0.758620689655172